3031
3945
7666
1384
11
2398
8285
8040
2269
6935
6449
4625
1331
7527
6756
5106
7077
6573
8825
2222
7371
6605
2424
3472
4030
6298
80
4693
8106
4526
2040
1713
9223
848
1180
9889
4901
4043
818
1646
499
4386
9901
1312
701
3212
9468
8999
8994
7917
3415
1938
2634
8369
2433
689
6612
7981
4777
1210
6129
4009
2196
1374
2631
3942
8627
4210
3646
269
5624
1293
3188
3697
2403
2928
2433
2585
5066
7830
4744
7677
5732
3483
878
5925
3762
5801
7736
5710
897
3295
2654
6562
4171
2459
5546
7646
1849
6284
328
7640
7244
3667
5547
5472
9081
3984
9373
9778
9829
3721
1560
1086
5288
328
7158
8381
564
26
681
4070
890
440
973
9061
1085
188
6000
518
9235
3719
5852
344
6585
2757
7398
7338
2907
9026
4124
4218
4988
1314
9653
8527
1593
5394
6662
6219
2573
811
8063
2473
7628
4763
588
8439
3179
1942
965
5211
9920
3226
7568
6976
939
1469
5847
1079
4498
5448
4409
6070
8877
8048
2481
2216
7533
2838
6698
9275
9270
5461
3486
124
4000
9951
1940
5787
7648
9180
5372
2346
6088
7101
5708
2801
244
4935
3744
8432
6338
4505
6622
278
4216
5325
576
9099
5344
3136
6469
2543
4364
7124
1053
7263
1674
6983
3388
9145
583
7757
3857
4569
3626
8026
158
8440
3822
4707
3193
3632
6568
9075
4211
2384
5010
3268
8382
3905
5248
2954
8989
7458
3943
6753
8878
9629
7676
7900
8295
2046
7297
5585
4898
6246
7305
5832
4693
534
8265
1124
6324
3303
2120
5113
4213
7822
9307
3048
2248
4127
7163
6969
1037
4257
6503
7191
8499
4121
1520
4942
5531
859
2360
588
3470
7025
6402
428
4507
5018
5763
8828
8336
9020
9235
294
3102
1200
7553
4307
1058
2233
7568
4043
774
6960
4171
9360
5511
7301
2119
3428
771
67
4510
3873
5400
6870
5096
9175
6359
6384
9935
3669
2507
4803
4908
3345
6746
6053
6526
2075
6351
2283
5229
6087
3459
9129
9034
1998
610
259
9896
9826
593
1842
4321
4028
6274
1840
5756
6377
3762
1677
7162
5192
223
9628
833
1205
8356
4757
3402
5373
6097
5395
4161
6824
9150
3854
6289
7942
6655
2873
5814
7897
5109
2988
5208
6343
1088
1330
9604
9917
769
7190
4820
8251
3952
5564
6488
3399
9291
9445
565
3050
4545
202
702
5634
1844
6478
9674
1772
1164
5936
9028
7826
5182
1190
8188
3911
9836
2364
7810
7844
6200
7644
7094
9855
8187
6968
5172
8476
790
4073
2764
5605
556
4207
3722
6367
1422
1499
9793
4719
593
5932
1031
431
8523
1548
6281
668
1780
1925
2240
8284
4750
5494
4339
7721
3191
7334
2582
7810
9614
1366
1789
510
5512
1841
5794
296
3384
4915
7759
7787
9811
1791
9794
9302
8310
2894
5432
5196
4762
7931
7181
5805
5210
2045
6153
3409
8582
8516
1268
5295
4527
9756
9377
1250
372
3519
2158
4484
2171
9378
6042
2101
1199
8768
9228
5479
3268
50
4393
2014
7159
1913
9217
8844
5386
5334
7576
3427
1323
9781
1269
266
1234
1303
2951
2545
191
829
8063
4951
9478
7134
9382
4853
2182
4509
9314
4700
8798
8725
4202
2991
48
3561
9079
67
7575
1475
3732
2067
649
4656
5637
1727
9771
1641
5218
226
9033
1923
6567
9968
9874
6071
9685
3381
621
6759
2054
5083
9388
3888
2558
1112
1801
2436
3102
8217
6718
558
7301
2182
1877
6407
6010
2780
7152
2361
8804
6220
9830
4910
6003
3783
7513
5556
1281
8508
9728
3392
1816
2427
6749
9148
4043
7991
5681
4090
4260
3850
8787
512
9532
736
6104
9847
2738
8000
9839
8492
6499
2371
9488
5401
4659
6179
8633
4906
9672
9624
2612
1503
9386
4204
733
1833
5061
9176
7490
3676
6794
3315
4343
9571
5350
669
9167
1683
6669
6605
9312
1220
7164
1651
1708
8537
535
741
5899
8710
2977
3482
2720
2117
43
9189
9016
5360
580
8093
9129
1396
8753
2848
9687
6461
5668
9205
745
5498
3043
7591
1430
4604
6015
2755
6527
9137
9359
5998
4523
1536
6344
9087
4319
7852
9954
5550
6755
9101
4650
3369
868
6924
8463
6
9097
546
5685
6107
7704
2815
9646
8402
8211
8978
3638
6849
6587
1103
3551
3669
4758
4991
7108
7832
4552
9953
3785
943
9052
4847
3399
7274
276
1734
4965
487
855
7335
1110
7325
1104
3493
4413
5428
2469
5507
4642
5164
2921
4116
2838
3022
5771
3280
9349
3660
9984
7156
2584
5331
7365
755
9771
5751
8909
7390
302
5933
389
9273
7535
5959
4600
9640
1458
1590
1408
8863
8802
2665
2316
9480
376
7025
4943
7895
2331
9151
2578
2795
2167
7273
3054
2268
1131
8735
4839
28
1167
485
3503
996
8243
3499
5640
3146
3617
8503
5664
4526
3788
8283
1424
7584
1545
9410
9229
4095
9966
9719
5295
4077
4935
9832
5046
1667
3794
7541
2961
6465
9993
9456
4569
6927
3831
5931
7290
3282
3369
357
8840
6436
5749
4969
7637
2398
7521
9787
9755
8452
1910
88
5486
9693
8987
151
8168
5365
6431
3638
8160
9845
5307
1963
431
7069
4221
1587
7448
9256
4440
1527
6590
3539
3797
4252
5095
6320
6999
7905
7546
1581
1010
4495
8870
1838
6188
8194
3714
4489
2167
5179
6424
9052
7136
8239
1328
1913
8051
7143
9969
8721
7167
2759
8526
497
2269
3791
7797
2269
8194
8982
2641
2690
4525
7287
7887
9089
7654
4570
1448
2421
6879
6611
5407
1877
8291
4452
965
5505
2118
8121
4430
316
4365
8168
187
1091
5751
6959
6455
5005
7364
2561
9742
1442
7103
7786
9829
6454
2510
6754
9048
1221
8396
3074
4562
5864
7491
2076
908
5099
6001
3132
9685
7045
3959
4013
6045
7220
7073
8926
4352
7197
1105
545
8766
3570
200
7573
9756
5580
9422
8876
8977
8631
8332
5242
7814
9711
9141
1968
6400
2739
8009
3056
5753
1536
3845
9887
6025
7894
7987
7880
8822
3424
7109
7490
6923
7223
3529
5454
4161
4378
1828
195
5302
9717
7008
2906
380
488
9618
9815
6644
9617
5764
8619
8802
1772
4334
5226
4559
2701
1481
5775
2589
3823
5880
4604
6129
4254
9112
2791
6485
9806
8597
8327
8323
1400
8524
2357
4037
8832
794
5285
6670
5229
4423
2371
5182
5510
7565
5996
907
8340
3251
8734
8225
9622
1487
5027
7871
7290
8837
4787
944
344
690
4465
8993
7296
102
8084
4481
8391
8233
320
3576
2809
4398
6942
6546
6245
904
4780
948
7567
3204
9396
7235
4994
7284
6960
6920
9798
1707
2550
4998
9171
7578
4724
9577
7640
904
6415
3336
3213
7184
8957
6122
5564
4627
6084
5883
7943
5507
4540
4237
9567
6655
4147
4049
5979
3061
1070
3773
5551
1301
1346
1302
2606
3075
7072
6424
9544
2325
4388
3005
5492
1436
3377
9195
6193
6310
3810
3861
5732
4529
4923
6447
876
8901
898
3632
119
9961
2159
6184
2117
5728
4672
316
3350
2251
1512
9396
6250
9770
3972
2070
8005
2207
6514
8079
4956
9773
8362
163
1077
9080
9380
6578
4492
9081
633
5007
5376
5205
3689
4364
5940
6321
5709
3827
9784
9699
4066
843
4784
7735
8410
8121
8724
5903
2662
7626
988
7807
3114
8899
475
4008
1287
504
1060
6698
8442
5124
6570
6532
7651
9933
7507
7314
988
9949
7436
9774
1675
5912
9591
3806
9731
4987
7027
8929
4449
5716
7087
390
167
7476
666
4224
5890
1521
2179
5476
6392
1138
1913
9097
4358
5495
1199
6246
8329
4024
7681
2784
8279
4317
7742
1763
9534
6398
1582
1931
5434
9125
1788
920
9245
3123
2593
4117
1666
7632
1875
5260
3025
7636
2810
6754
3659
3985
5775
8204
3338
7111
5306
9019
7010
6444
8553
6949
6408
4503
8616
8730
3315
7608
7319
3826
6119
8422
8624
9834
9073
3834
725
7948
7102
4734
3136
2044
8092
5613
9582
7991
9597
5708
6768
88
9580
5911
6293
4204
7340
3460
1765
4320
2314
4169
894
9356
7015
2793
7218
6954
396
2384
1849
7758
7910
4439
4441
3341
8916
6485
1976
4147
3135
2580
3038
7919
7062
4039
6180
2320
3427
8070
8453
4360
2562
3252
1586
1865
2485
7522
1993
7195
6120
9811
4862
1162
4789
1291
8476
2034
850
8017
1773
3125
8125
3893
5510
5983
1508
9430
9715
576
9252
2314
2235
5098
8249
7252
4417
2562
9054
5552
8861
5687
2769
8941
860
3158
6023
1120
8562
1243
2547
6037
3476
9726
3894
4569
8482
323
5970
325
8795
7289
1111
8357
1380
8885
7568
4187
8498
3372
6545
5549
4706
1102
7872
7589
5051
8377
9572
4090
4035
3843
4335
6817
1993
4071
9004
3380
5724
3493
8950
9164
6967
1950
2032
3648
7318
2334
8893
433
5146
8906
9694
5950
799
654
4325
9100
417
3035
5796
2273
6430
2607
1954
4583
9443
9307
169
3597
8184
8890
5893
239
4145
7534
8432
8739
9289
4942
7113
1267
5654
6136
8426
7692
3484
3903
7864
7705
5704
2635
1958
8168
5673
9737
3071
6653
8090
8334
9309
4641
1909
1159
6492
1467
5426
9706
3484
893
4377
3977
5866
8640
9643
1034
4118
249
5776
6325
56
956
3993
6237
8138
965
7140
1364
6078
4353
2460
2761
4217
5157
4252
3908
3462
1605
9059
9549
2978
7413
8688
7010
128
4665
2192
5575
827
1479
5799
3955
9631
8260
5404
3195
7305
742
556
7889
6720
8725
4523
3227
380
3775
9042
3966
1923
6060
2035
5132
7329
260
1474
6851
608
3147
8558
9586
4420
7530
3730
6445
268
7635
118
7994
1136
2229
8829
2114
2978
5217
3796
6398
9855
2007
1611
3238
6929
5755
1290
3210
7949
2830
7016
5628
8652
6873
7229
5452
404
9392
5219
1645
363
8663
175
6156
4486
3945
2090
7900
5772
8742
3834
8722
7786
8371
8583
3904
7760
4017
4462
5697
7788
943
905
1725
9841
4553
3259
7847
4580
9238
4010
9604
4778
8962
8186
7580
7593
4011
3306
546
1025
8615
150
9207
1428
9256
2345
1687
6802
9087
8965
3580
2843
6741
3663
3042
4716
4357
7469
9143
369
6561
5335
8590
5775
9199
8697
4464
5951
6287
6821
1827
6421
6552
7238
2229
2716
1431
9284
3844
7465
8189
1428
5467
9100
5974
8150
8873
29
6544
6037
3602
4016
4648
7387
6230
5217
2535
1074
9768
1467
5179
8407
3562
7969
9886
3033
3215
9792
6837
5419
2306
7413
4237
210
4890
6418
7955
6115
7023
7790
8447
3264
7280
2145
5561
741
1650
3187
1771
4737
1786
274
42
4719
3352
9666
6662
5490
9548
4577
5760
9650
3637
5057
5364
4688
4816
1937
9306
7953
9516
3867
1430
6424
1627
884
4301
3264
7069
2136
1761
6050
5301
2558
602
56
4630
6899
5202
4208
9989
2785
4425
152
6403
3631
2301
4645
4516
3923
3134
7559
5060
7924
9015
1688
8366
8657
4233
1050
4838
3994
8329
4874
6113
2124
5413
9631
5274
5022
7615
5141
1102
5835
1870
2113
7136
4118
602
6403
4562
1127
3518
2008
6344
3130
4559
7586
2638
8126
1217
973
5335
4622
6570
4204
246
1211
4766
6923
3196
725
4664
4005
2770
7303
8378
6004
3580
4779
7456
5477
9738
6585
175
790
9726
2361
1236
2813
5662
4613
2158
8458
571
5834
987
8091
6274
9228
4154
6898
7246
5775
8837
4810
207
5504
7455
2603
9013
7170
6882
6458
8326
806
6225
585
7909
3907
7133
4811
8042
3553
8792
6781
1998
1832
6773
5425
5468
3422
625
9588
8052
912
4920
9755
83
1749
4076
9495
495
787
4420
2605
8608
4206
8367
5568
4055
5620
4052
3970
8043
6625
5407
8881
9893
3354
458
4139
3069
8903
3781
4811
7296
9250
734
7794
3164
8664
2288
9652
4649
6885
671
8881
4580
6796
6231
7953
4156
9912
2265
9889
1962
2925
3390
7060
9907
9924
4161
6980
4384
3056
3493
3223
5581
3071
3454
5574
3451
8287
1968
2589
2914
9284
7408
65
412
1028
9052
3228
2743
6325
9113
6750
7767
2722
6630
7635
5822
9681
6320
1295
6533
61
8112
6947
8169
6886
1096
1976
9352
164
6714
9099
8535
5715
3257
3188
4994
833
8126
7094
2088
1599
6135
6351
2893
770
9311
9803
1581
5907
5857
4287
7930
1711
1593
6129
5702
9216
3528
3223
8633
1170
6006
8294
2142
9062
6346
5054
7384
4344
3746
7203
6465
7450
9162
5580
3599
5799
194
2661
543
9909
866
2466
9256
5333
1249
4276
8783
8004
6123
5516
9210
492
6160
523
6181
7456
8995
3325
7966
6374
5587
2196
5863
9646
9694
8279
9211
5975
653
9505
9086
9804
9846
3997
5735
7161
8141
6972
1594
3097
8040
234
3595
4458
4228
1928
4875
9120
7649
2848
2344
3628
337
4318
4191
6493
491
1433
806
4835
2956
4693
9452
6024
6107
4113
1030
9533
9253
7005
5792
9859
2439
8207
5696
4247
8325
9657
3463
8483
4048
369
8715
7387
4223
3452
1793
9269
363
110
4114
7159
8526
4346
30
8739
7564
8631
3454
2859
1506
3575
5074
8577
7028
100
5424
7892
2353
9164
2553
6994
2072
3252
6192
1466
760
2285
9961
2062
8733
8218
3754
5650
534
9287
145
4073
9775
1227
4584
4411
6836
1951
3109
7565
981
1349
8397
5127
9193
8898
8302
2535
1855
7375
4237
2274
2923
2544
1168
9156
3701
6913
7949
6084
2197
5404
1135
5701
3274
5908
2948
7408
848
2372
5790
7694
9108
3956
8223
8563
2713
8729
1638
9609
5390
2932
4075
957
6726
4800
8795
5277
8411
5353
1870
4390
4937
129
845
5596
4514
4281
4210
99
9660
251
9730
1617
3688
5417
7108
3145
7853
2065
4385
1994
1361
7243
9795
7229
1571
1289
3159
9747
7630
3274
2387
1092
6995
9263
5409
3337
7184
9283
9930
7421
5588
7022
4020
1550
2648
9249
8789
8882
6966
7033
1367
7788
5774
1643
9586
9970
5344
9409
9666
3023
8530
1710
5579
5578
4911
5387
2769
6156
7134
1797
618
5272
1879
2300
2817
8210
5491
7706
3902
4296
6124
6953
9076
1140
4207
116
9872
2263
165
558
2012
6919
4626
1614
9838
7879
4343
7859
1541
3053
9671
8732
4129
2773
6139
2043
854
1928
1672
368
6968
9308
3000
282
838
4583
5847
2367
7783
4787
5718
3066
3584
8114
7751
117
7579
1623
1328
176
6787
2017
7040
8035
1768
4062
6823
6202
1251
3129
4581
4495
5406
6670
5126
474
1044
583
855
4911
179
7179
1033
6197
2356
3726
7706
3377
332
7880
8792
2447
7448
3945
9415
4003
5385
3426
4338
7047
1674
9757
7609
4508
8043
8973
5994
7533
4818
6897
6107
8950
2535
8845
8004
3757
7199
3739
1628
8797
8446
2826
7178
3066
176
4839
5680
9310
6971
2072
2368
1710
223
3169
4542
4956
6026
9277
8392
9295
7163
8746
1953
5240
4594
783
9808
6620
2325
4651
2104
5089
3307
6451
6777
9294
3612
5121
4788
4047
2449
2613
7338
9001
3524
7702
3169
8381
3194
3386
6538
1477
8135
352
2262
1668
3165
9294
1765
3205
9063
3885
2977
6566
3276
5560
7219
7788
6794
3350
7265
9547
8985
3722
4725
908
6013
3192
2855
9230
4849
9798
5346
6799
7724
7456
9706
9037
4929
4025
9289
4740
2526
7323
2483
9644
4387
7764
9017
172
4154
7100
3986
1481
4419
6098
2620
7083
1055
1594
7824
3349
4161
538
9747
3296
4178
6521
7440
3830
7519
5974
4593
4010
118
2507
8771
7130
1186
1805
8312
2855
7914
3629
7975
4751
2476
9873
8332
7983
482
4939
8239
5942
3273
3501
1574
6366
2224
4436
7718
412
9402
7509
5943
8172
4463
8571
9217
3589
4185
6353
4354
3575
7116
2844
5758
4486
6513
1098
8819
5017
1639
958
1760
1239
6712
6272
9406
8783
9572
7542
6462
5165
1289
608
2961
5245
2072
9769
2423
5519
8546
8665
7465
2157
382
8764
7227
2569
3037
4363
6595
5219
5544
9001
2781
2806
5387
1704
7471
8915
1236
5704
7913
1971
5600
3945
3769
878
6741
1630
1481
6723
5603
8802
6693
7013
5975
1134
7954
4515
2093
5417
4123
496
9945
8677
3619
1854
2061
4044
1850
3496
2883
8785
559
9354
9956
8067
4603
1188
6292
1663
170
1769
5469
5337
435
5654
8463
291
2515
9784
6525
4084
1987
4563
2198
3047
2378
5225
8367
4849
9717
4843
3577
5320
1559
3853
7509
7586
6219
7855
1737
950
4086
8007
5672
9940
1886
7972
1480
4158
4938
7458
795
1831
9490
7642
607
100
7477
7385
9442
8025
5016
6579
644
172
7565
7834
4789
3779
5403
6307
48
1781
7535
7393
3259
5343
5559
234
6210
5249
5180
666
857
5089
4959
3068
2406
9641
9872
4800
2220
3064
6157
3675
1679
6703
8316
1977
7053
9637
2556
842
5558
2566
1535
6289
3299
840
1249
670
265
9740
5634
4055
4446
503
9669
4427
2239
4536
8116
3216
1309
6572
3838
3046
9538
2085
342
357
1918
8666
8846
7526
253
9903
4615
4871
3410
7248
7205
6767
3199
7949
9691
5944
4566
9141
859
7123
7653
4225
2240
5451
9938
8850
1651
8070
1647
9933
8998
5154
9947
9900
5980
5890
52
9168
1242
5525
275
3240
5330
2358
2411
355
1343
1388
6214
1103
1446
7065
3503
9347
8163
2006
5119
4124
3536
127
3628
6421
6980
6195
7398
12
8065
1081
3064
8686
1941
1112
1491
6290
7986
9814
3610
2970
6698
3620
9577
4282
2559
9636
3871
5142
7551
7456
5906
9602
739
1843
3051
4170
2883
9707
6474
8713
458
8134
7365
9900
5008
6421
4869
2035
6223
7583
6906
9327
9295
107
9228
9143
6031
4697
4087
1276
1300
4411
6808
1733
442
7310
1750
6255
6300
2091
2569
8681
7134
4343
2958
2029
3148
5951
2002
3829
2432
1537
194
3458
8236
4930
3985
5244
8133
9219
1057
6682
3985
3624
9281
